TRAINING
13192735
1000
3
229.908405603
820.724020698
-243.521258896
-215.908153895
-842.104288278
77.5146262994
832.289037242
374.273510823
-794.300002273
-998.631252807
-337.283269192
740.130207689
107.372314892
-150.87188926
-330.225568322
641.24419067
775.300506968
-60.1420586916
-652.409071878
-66.1220263517
-69.8308512323
457.215800387
58.6028036444
951.111651255
-187.474765005
589.370439743
-105.760536147
-381.848645185
736.038847076
-582.006920874
277.562326041
542.109857253
-19.2054201267
676.709497647
-391.697688776
-341.523558815
352.69508435
-355.112974192
149.300868943
50.4224562352
-534.600419868
-537.063329872
856.48987849
491.069908757
156.614012607
628.356434344
-612.017131834
495.047654682
263.555987186
-710.65089808
-684.884387114
-747.10882862
-637.319064547
-573.467484661
634.399571237
-139.895080871
495.957081414
914.11669571
-959.579496266
597.489315267
621.146843318
-651.727273718
-565.866655718
-637.250049887
-268.257075119
-210.385833853
375.763642758
-355.673887493
54.0518864892
-763.053708328
623.773012092
-45.7647722845
-102.149290628
605.919591111
15.7918339353
-486.791109164
-44.2505103207
56.6712898435
786.921294458
-626.444603818
187.438764208
771.839766885
694.037200159
819.322522127
853.779540209
-145.967128774
-932.751418904
781.649091837
445.564268828
-126.914220438
-148.7436902
281.589135401
-921.841667472
945.559090313
-570.292981578
852.413059612
99.2450208538
504.750506432
548.89999392
313.411868566
-69.9275178085
430.87354284
6.81626941342
-691.611566189
-898.42143518
-513.796119937
549.522242908
129.682988189
349.931521998
396.96297464
-196.472342247
782.239342426
235.553851445
488.331030384
767.533200589
369.842501154
-495.549499336
955.191953628
-237.967469445
26.9824149715
-176.753562609
449.055155912
77.7998073063
374.00186102
459.1241177
-421.134203403
-511.659039351
372.811575095
-390.490245291
614.466473232
832.098152103
94.6025721344
299.562100157
-994.531454709
-44.4222846258
731.744827955
436.343799203
-758.916924849
426.477537471
-649.792313055
721.642275264
-78.3599593014
761.064500286
190.77463208
973.78402855
412.138467775
-308.048332784
-759.927459448
-117.798859043
910.635616513
-404.748943295
-971.492294344
963.896162385
342.857944636
-567.637140155
-620.173534749
658.151108382
7.63716531127
-113.596187728
-885.796394884
880.195429297
586.947158277
-613.051343343
845.771548685
482.561699026
619.228868287
972.671576321
-459.066070404
94.096388433
327.248127782
17.2577215234
19.7085801483
-217.66017586
-382.757336477
-667.769275713
770.1764222
505.028939782
137.148218516
750.155688535
136.801189625
701.636104181
-652.949594445
-278.347442368
-728.001983693
313.492080694
492.842105727
283.685026514
779.869055525
80.1992945682
771.321188776
-56.9448126293
-303.265852527
950.624602755
830.076335052
-533.91018523
-85.4935772128
-798.94110391
-402.470083264
-268.681188405
156.820093432
-855.60861858
470.590004359
-78.3943467921
147.719495766
-874.872809277
-873.747133365
-948.200873253
44.511319651
369.815614863
659.49476073
-692.700869628
94.3659934002
256.450709984
-47.591446066
550.809289993
599.823414882
749.15131193
993.66750861
914.155108775
207.029045057
691.418365964
396.461961859
107.481935166
770.995322857
512.628546268
-744.442065511
135.30482548
434.508933981
131.911925185
-523.062150554
-585.060319482
-645.066788023
140.66175315
554.509420698
-772.863250656
-332.223183634
11.0933305877
533.785319821
980.886855688
495.057153748
-240.482472183
136.364069099
384.501353135
-38.5606085509
810.57071371
286.888641699
222.497208638
442.571854183
614.034647581
979.319202508
-887.612043183
581.771332587
210.890608749
-218.341727623
382.886991664
-80.651078731
-882.364646675
320.488553216
-12.3288634414
167.936040293
-312.103591204
251.810490222
-601.145646714
-999.734770912
692.983744769
-241.74968552
-437.206022014
-934.350670693
888.872689705
-950.233727826
489.682567708
220.899934284
403.751862401
69.4187459716
-194.856496414
61.5298514504
648.43861053
998.324458718
580.055594509
589.262257845
-934.916199743
-466.226566684
-79.1835335572
-273.267056852
514.789378648
103.076096836
-652.6081722
-860.9200181
-831.414109654
-665.931856459
-386.041199052
-865.076025646
860.370088719
61.9016862612
-173.55126336
-951.164752159
895.817872089
377.746985723
-96.3055591696
-164.731751369
409.191021901
521.398268787
-421.205220504
-172.678200796
401.044041559
807.522468895
52.950647211
41.8519161492
-625.919599131
639.791231442
880.556403214
-178.469758853
-520.92351418
802.050801794
559.771986564
997.977239621
286.392395909
-823.893060359
814.980945104
783.439893177
169.518376462
-443.108792854
256.850295187
-553.073591182
45.1866917511
-430.479298471
-174.170198282
-741.850921885
-95.4379060661
692.576663059
-276.38854342
-873.46372868
-400.349555839
-181.611686884
579.144871742
623.08815682
69.9128259308
544.231231097
-413.310443316
501.027158028
920.402436513
-612.521453622
724.1066602
-945.253252739
-275.989894657
290.980583855
-989.927648532
-343.278345599
620.79119037
-765.98316777
-678.141926997
210.775369331
26.4916850712
683.669806796
430.834414599
50.4948422305
-862.471072472
522.762207897
-993.689876362
640.729073616
385.188581881
-904.510612581
-328.473002714
949.079780442
795.800404986
-719.685362977
762.173632179
-107.974570588
-629.031547568
267.866827938
959.336571171
80.2221479516
-262.652489988
-699.926015351
-721.661289132
-71.2642119294
707.279061359
856.790848732
909.17748257
-422.976934725
-555.095221598
202.234406721
-14.5904140715
-440.705282226
142.830927718
-711.521532213
67.9246154907
-545.647203599
838.8227487
646.709057486
65.6478265054
952.671504616
-659.492792764
788.186953062
-318.028799971
-806.966282181
-858.50743302
947.557248146
571.725747391
-989.139810492
218.49474943
-856.777401983
-41.5925649773
271.871802404
-163.207694628
-992.153051347
944.801562951
948.947199412
630.760570781
779.647902462
-836.721440723
752.980282583
-803.92184186
-849.976034916
663.028130516
-884.62027156
113.664628954
-568.396305993
465.456810163
912.260735152
-810.816287774
-519.27715587
-214.593560093
395.412837565
368.131353817
-464.018729424
805.106855285
228.88188815
-934.427762001
-52.9045692839
-30.3990170099
520.615041314
916.719005469
-342.027579632
-897.176760756
126.291657944
-165.362519529
339.63146913
865.639775774
-374.861477562
987.241479091
665.386159901
638.228634949
336.185622687
-258.962310302
981.055479373
619.083145549
-700.118557668
-187.757788257
-154.638314978
-166.906956164
-337.37368577
-109.472793493
-123.721192276
403.157234502
-379.444035069
486.286308228
768.56509503
-874.346120202
-54.5871441915
453.971109118
282.820962025
112.158692787
-970.920185202
-181.881994448
-5.1606308992
-214.011454427
-893.729806917
9.57163168847
121.850837245
-936.913988316
-510.935779089
976.032980811
692.816869225
-573.916886604
-409.73295086
147.215766574
-16.4280929457
310.844699388
300.348962624
492.918596708
-733.773629842
203.004875927
355.29038126
204.604924709
-231.615639632
-712.034147662
39.6005229828
-282.20503518
29.4361540738
946.991370579
296.083114729
436.792975351
-989.193939932
-246.815525607
-709.303846611
-780.937501537
-14.2480561308
-446.596989192
59.0979656006
-56.0446829251
-597.614777958
-543.724529846
472.272501452
-298.100496639
-702.645541609
-653.729546005
-768.892261454
321.042863986
-786.198472655
768.468188367
819.621239719
995.471156955
321.315612918
525.945897211
486.816583149
-587.354605237
802.741052846
982.496214836
-72.5506164051
850.17567684
230.932796953
-118.421996647
-900.395891681
-232.145391451
71.7703105667
-530.498439778
455.431230437
692.996903913
-227.82694233
373.805811379
-681.126148401
-226.950647364
830.653653341
327.380150232
144.119306017
-622.734087924
959.692439317
75.1154896293
826.203801141
-751.688634177
298.501919929
471.215881814
396.192019047
260.058157072
66.572482067
545.006341684
-148.669791523
-125.657577883
-325.833716798
-693.609511428
-597.475415023
-177.189864257
-840.971878713
-752.950140476
908.054689553
947.730190352
958.721056711
-20.5007586224
-62.8225676158
-25.0545013555
422.212855566
585.101307739
-270.009105655
432.145412735
-458.126929597
480.147766144
-986.848591264
664.581372019
723.945955136
-607.885158867
729.203726223
-377.010086547
-55.8238375239
731.258086074
547.591313954
-346.434645556
-850.480422545
898.282547627
-884.904248496
-667.196021482
182.402470917
875.560656587
-27.2637373739
-301.568366474
744.70128063
-595.178011104
-488.308405358
-291.73220297
864.824129603
-116.64858473
924.943481181
-600.288569495
-765.252431408
-677.882368118
-859.656581283
-59.0900803371
-867.594928513
555.847066594
-908.632953658
444.243858978
-228.257746137
157.610272202
-57.7319397609
-197.991926159
864.489386484
452.305330752
594.666591566
37.8362915853
-901.481216616
909.861519268
-282.512578087
-167.317651107
-465.022720226
-560.932287989
779.371521168
-808.741269632
393.068178805
335.825694967
238.198846652
-735.692332126
307.228234689
-659.267714135
-406.143084357
276.681101379
-905.284280522
-935.30148892
814.342111878
453.142046349
523.649498565
-829.154670508
-525.520158892
-927.762445912
-2.70019755944
384.151858945
912.081835607
-75.5409527409
-435.585021527
454.593692366
-335.113005909
-195.842589335
663.130430611
-796.331553015
750.05062277
234.87086662
843.577747248
-630.622397276
886.609513384
621.412359697
984.506488875
-237.579989132
515.895289736
949.10611697
920.538503797
621.242622243
684.0726959
-109.910984969
-900.442218732
323.141618687
194.063138635
-821.685472648
62.4149828655
-444.850901369
-673.356202606
637.221212728
-895.763041417
-414.923532595
439.173719796
736.972943913
-570.806702859
337.421216919
519.149767461
753.63887717
-628.865841442
-529.99395524
227.513191552
962.144831239
851.627989096
838.666684572
761.734746772
-508.51088775
295.719682174
412.834158098
236.877925776
-786.669826457
302.235885853
50.9358941749
-164.537548378
643.012857917
-47.695867773
260.689571669
-901.548578564
-95.6509211008
170.601668691
131.514164434
509.048931821
92.3306855392
-939.324898912
844.244646552
356.332888602
-769.119108969
-452.474894938
912.11188523
-295.497184703
-137.806561
-83.7027693319
-724.52216962
-884.295189856
37.5110871032
-249.678162322
770.116286313
927.526173964
-702.800288448
870.844574277
639.835824014
-315.864757999
-385.638451277
-44.5627469797
-816.731687966
-914.347561702
-607.386776475
-398.526738085
98.1686539216
55.9224088268
626.140403507
-180.427821137
-708.62890951
183.952838557
-637.454508539
749.13539354
567.213213183
122.224916992
-272.976307798
-889.361691799
293.778495169
621.065853392
328.422976073
-614.007669181
-27.807794764
-413.579790637
-129.353664221
135.017025256
-124.902487371
-494.054953298
-170.517749831
493.589065461
882.271725141
-228.728953205
-963.123652199
881.137398464
-66.8028421188
172.008830224
227.948915498
81.1795208932
-62.412477281
-604.569652207
293.768807601
744.165717628
-195.26180109
444.905228771
342.589568957
-655.532335999
-67.0588938784
674.132076961
483.702451529
841.914475063
955.485216628
-619.11540119
655.323707588
29.7315526062
-169.657333418
173.36901772
-417.245089669
695.115672455
-321.214629643
-373.868382301
-409.83107599
503.284047198
693.45460219
-604.05658056
-41.8449041977
307.612715984
-321.378408777
866.110195954
-27.4210728101
-311.972535071
-852.367082952
724.175795101
713.766106134
815.144070471
351.148430987
277.19205638
855.137441144
-698.160377445
-413.267246968
-857.351434503
169.43963731
539.446649477
-789.775701325
-61.5349746916
-490.821445505
-245.158974283
-509.448763242
-768.568278351
-806.498925137
217.856013519
-391.119941099
-613.345617603
324.833130129
-633.971314031
-743.912145923
-165.853822453
-308.483719811
756.242052362
-39.6222042171
-493.086623544
-202.305074049
456.785180729
-847.921307333
804.843093754
220.029067361
41.3891042746
856.921148252
148.959895013
777.459909788
720.976538109
-67.1239204126
670.927132592
-12.1328012742
-78.9444941396
-860.297946982
37.9812667487
-653.300188492
-406.535534778
-392.594874023
-678.955088207
-46.787250231
-357.779714587
335.666335829
381.077012879
883.945341784
-944.608450037
156.251344586
-945.908428477
976.143670744
97.4094296377
-173.688035005
-584.007868991
144.878241837
-239.030334786
-615.73325575
631.983361757
-996.395051173
484.203164464
-50.6770316974
846.117489557
-158.468103278
-37.0031486945
-958.604518801
651.607292953
184.177633581
-620.211052833
-844.43231
119.802095116
-374.767932922
467.824168
238.77666444
895.354363805
-634.577380115
-583.590169207
-732.733952413
-417.13065811
-274.979556094
32.753751513
730.801940191
-818.387661416
464.373818192
31.2604701236
20.9990364312
-705.008777126
-57.8418000572
-944.027557904
956.856286067
-806.999087772
-851.004017092
90.8510315927
453.681756
89.2370442582
814.381890395
-739.752235242
951.1951662
904.55937088
-569.020071828
928.932249167
407.56246622
837.232268428
-168.268105856
332.29039262
703.506452841
401.159513207
222.334857668
170.853323526
756.851940545
-688.963628577
-67.4762204832
304.20630919
866.871530123
-277.168964685
320.435851465
554.77047733
-686.746257497
-658.999093413
-467.234839626
-798.960245987
477.134778971
615.502325462
626.773961322
-279.36692005
-5.9869780343
-216.263470775
476.549307374
-660.244486698
821.54445608
-882.789199557
362.809294634
-424.090616889
-487.332996658
807.761106421
826.043173034
669.267850818
-122.269050534
927.636002723
-839.537685864
821.598371033
-616.210931999
-17.316151367
-553.232511304
608.486127481
79.8209259774
-219.044489143
179.847170437
-780.103695995
-49.8927467199
895.36762187
-541.881644934
-46.9716712628
-351.676277801
12.1351585348
-284.376771862
890.31637877
33.8663481958
-15.4023488116
-840.937023911
-446.948127951
254.939952797
20.1962831987
-954.813990686
-277.608928335
269.311468433
-11.4533831461
-249.192792806
990.51340443
80.9441227417
710.507131041
948.400315038
600.101047532
102.677768277
635.175750072
234.538342385
-854.019241876
-567.191182008
599.970695068
-939.597015747
-277.18266449
502.442006025
7.52067575364
-316.224778207
269.69462228
739.037722728
745.247542147
336.936763366
537.849603241
40.6116434708
-633.064275224
-122.342723082
718.388994695
858.802091104
-421.403721762
425.419280053
429.545602309
874.195096036
443.040584676
-456.979383224
45.147678357
979.013463263
491.156522007
-499.102056759
883.099544312
-500.330266048
356.380421055
878.473540202
-477.551567139
352.227873349
183.898393269
-747.563724403
191.998476083
233.255303027
-656.148823861
747.785083576
-751.610478946
110.800238846
456.219456052
870.794532383
541.062876909
45.4895326278
-629.443906129
597.127375928
173.961582703
-891.237498687
-42.1188750206
486.730707184
349.232975076
816.132871142
448.580816513
-23.6615153471
-275.743465087
599.83304806
-276.367177081
-187.455706978
-503.908766875
576.504718971
-498.458401971
-830.797625549
270.384456342
887.822253416
997.016643188
131.181518163
-665.491304791
174.524041704
49.4998069881
698.353022517
976.464736458
774.959560264
697.355856416
-241.369462975
772.862315777
611.464475298
462.822502917
736.203703824
998.692195088
345.110900203
734.936455576
-784.63558601
26.9617757433
-80.8967661242
-561.235277828
-4.07734711953
-750.364929703
-862.420716537
605.401579256
-422.364057802
966.097923724
607.921651938
-784.192432547
658.003156249
-337.625309757
939.704523591
-327.852864459
-779.690367463
252.229562555
182.164174987
-660.093458297
677.30300572
679.880774171
744.43469316
948.651674601
-189.472409885
321.553777603
-741.908969306
588.798215375
-384.554044415
659.678190641
-614.993193505
-25.9735008863
9.20231055079
-763.061875919
-855.191109979
633.297729347
-303.831995682
876.809422305
-547.161139157
-919.947011924
-375.810987634
273.47515975
-529.351598665
895.514227717
-52.8345552247
96.4203679221
-520.901362125
-157.856502231
819.328299363
-795.35050426
-285.18102427
356.818787794
960.13346839
293.801607869
-324.69668241
438.339932949
349.820966961
617.431974037
663.104591201
824.478522909
-139.4482557
-178.641048425
533.670445775
-749.347032444
-415.264379683
-441.018930359
281.055711522
85.7674067606
-47.5117082512
789.390393663
345.086729696
-366.483922956
201.03305834
-387.08457351
-89.5913015121
-25.538505416
328.11435485
-880.727019648
599.894695574
981.94009454
-946.419192385
165.653815147
-376.36592533
-521.505194475
628.688220359
-529.361374807
28.3670940434
154.516892783
-239.282826212
-655.253802865
268.71965449
382.936227714
-106.964919542
94.7508206382
650.152070464
868.395578139
-676.788886398
324.027819313
407.310680564
-289.314427013
451.61304625
-690.354234452
-45.6420835055
-490.288706221
-208.495390403
-590.535304489
-260.396879264
-70.6778341683
698.843625045
13.7373152888
448.852241717
-196.631414778
-56.1449521033
-468.159824084
69.8988058917
990.518246841
382.504169415
-443.215267129
63.2297822808
-523.632275359
338.758273394
-141.762464653
347.750344206
-230.661713109
520.33869511
-318.754344179
800.122000902
-357.063705316
144.387502931
348.132476743
766.627337449
415.977718579
-901.158539997
436.467697382
768.234976266
-378.401682042
299.392499311
-656.956100022
498.901614845
-150.26726448
-394.96065929
476.379277156
-390.907940463
280.032286887
484.725465675
29.6262242931
131.592363741
-681.258032712
535.008061677
-989.812855257
810.215118451
768.31950205
-936.534892654
-883.638221653
-468.482528686
261.594509692
-880.638385208
643.028514938
-639.032332665
-776.322220668
-677.338866476
340.493037892
-402.670389089
-871.721973903
940.552306079
-868.075784565
861.119395453
523.139056915
-913.483867188
-863.280835541
827.035806617
-224.17359944
-323.646238917
-429.845797586
912.971872424
-907.27398867
891.648056883
-1.86220449415
789.379988477
-300.888648961
-172.34662307
530.067483483
877.718309106
947.369328969
-690.751174475
-330.959358802
318.206493178
-116.850705836
-191.873013587
-23.6898031169
-687.401969163
-758.874862919
53.4379756769
788.430290871
-790.475385475
699.048042217
-765.855007655
690.323967829
-924.021230602
-689.534531755
-337.8874663
-976.961385207
613.10581625
41.5752565721
63.6788137651
-542.436428645
-651.480799815
-776.342530472
-305.27655049
-407.896818042
58.095115841
856.483230027
772.677385638
-702.208133435
265.959576023
-478.864040029
-236.580867497
-876.373221913
-353.451590069
-675.633130541
-168.737474592
-274.568175949
26.4635867271
541.874016465
-296.421617986
882.604326084
861.170054774
-187.794978711
-108.46463124
998.409764947
980.59956982
911.212738691
-636.204927363
689.668241256
596.179516442
798.731907232
-285.14058195
342.356670282
-974.976731499
488.547781276
-896.19267795
-353.387940874
443.355013882
501.860743978
863.4053335
607.25812994
182.133049394
94.5585207913
65.7078007001
475.147309835
514.87950263
946.945091431
-384.077199086
156.76090993
203.986301093
274.01760258
748.775937111
-935.753137344
-536.357226427
-303.988600043
981.685410105
-974.844886882
-906.559327084
-227.969726024
178.438312863
918.264999442
-151.541106358
-26.8668275636
760.854787891
-756.601832357
-100.7743387
-255.011986343
436.640910873
-733.692767453
403.181578204
-327.24575373
787.789909728
-207.205793265
112.448633035
-865.39329507
874.676777481
600.287039725
-742.564142388
169.382430072
-138.868329041
-253.946756131
-979.551810428
828.289532232
125.086516215
181.061846932
-349.715651632
-695.600816321
872.726551242
568.727377498
221.327133556
-854.699512369
629.831856996
876.416516536
685.150346979
-594.826693174
-546.875735512
-236.249656717
-784.60843833
-222.425811285
-466.155317377
505.11904912
-987.838362455
-431.845033641
-908.253485002
-875.754924447
775.552605454
367.862110312
276.430785369
-269.40237156
-804.902234368
-476.199307792
40.3731919609
-498.311309856
906.051890049
-746.08225516
-826.890761921
65.1929507162
11.522635382
31.5654455057
-486.25597302
793.492713346
673.510477237
476.422117501
-342.627919169
493.041302618
-228.512276935
842.296510795
720.025676328
-151.780783301
-534.983963259
158.897934526
327.250763194
360.724512157
-995.614741924
860.8602908
-665.7782296
-318.75777563
-982.625905949
-463.281569477
679.04388726
-799.817460493
534.537432656
925.029130542
-404.469222916
587.382844396
821.985683156
431.893945649
-733.912955386
809.849957276
-858.572274284
453.081876897
-113.358349973
-878.309113928
51.525690991
-100.649881371
-851.382747375
-586.473902488
196.760082277
-386.876062718
466.707468675
102.287813519
487.476516763
-974.208791406
646.624927661
10.0838952798
-703.870138514
592.080178032
-423.627123189
-45.0440763952
-717.958936773
22.1973647394
886.882181038
904.208823552
118.743423666
574.651537378
427.753373269
970.739437108
456.959266171
604.863906789
51.7010014948
-221.69481529
-689.795495923
-259.201024969
-890.18660575
722.449108735
218.087838926
-58.2885419246
38.5242711651
940.643983431
-572.61570949
-294.567211052
-595.436891033
700.416599311
948.917374979
-682.64580744
961.219597538
39.8393820156
-315.32677193
303.372933491
-977.773361444
11.9215841833
-477.7815088
-165.017152519
-53.3252087567
-267.023138525
-888.693198462
-150.681110525
-359.043794127
566.297176777
-515.941671821
-211.723388326
-346.265867512
-86.7749844406
356.629434317
-69.7423320657
-864.542261323
-64.8925727258
-601.152294255
-755.951046917
386.301858563
-475.639889497
174.256101894
752.471502336
394.81592378
155.657186154
715.292712207
1.7000281058
441.534063463
-678.86570869
834.99238065
-336.950062861
307.923302811
179.730534896
-679.925826402
202.548209531
860.34715334
-338.044083216
859.588460088
-760.37859335
-222.501269378
203.638403054
-242.309385975
110.09533082
-80.9253198085
-81.7609811409
-701.079490598
712.755187962
-539.57088365
-903.908657697
507.557196769
-864.696818948
-555.538396647
54.7723232578
960.924618488
516.199317333
645.810398818
-873.715216738
-221.677444865
98.3265514007
77.1970100593
192.10993163
941.307023392
-234.114530644
-721.818707006
-454.929218696
898.442300331
85.4377496686
84.5903820512
-61.791299504
769.210812316
350.501156249
16.2792522202
441.656508994
-707.002146328
-844.801910464
425.537162886
829.14196657
175.0480623
827.990572557
117.740789956
533.064495756
199.902099831
-710.190743347
67.8280644112
-559.175493966
396.517984283
-923.978229457
285.740635652
-351.867399597
-702.1708419
-262.497515427
703.372519494
-979.809734471
71.3535518784
589.248163606
-295.564660149
-103.475121863
-560.731884841
-912.616425169
-315.306142709
229.309070869
886.203752814
507.470321575
-12.9707090381
-306.530549488
-59.3281240096
-305.142686974
-289.206982206
37.1598090484
-663.527011139
230.544742632
-856.841968782
815.688830291
-316.759755801
753.301905858
133.971443963
669.351958645
404.762864464
60.1285728629
421.173042289
334.774157624
-88.0420530215
-555.022012909
-373.862104411
994.198700699
33.0436650368
-837.843945609
935.300645452
186.001214588
-787.418037602
233.501672426
937.384243804
-56.1367208355
-577.820807917
481.348805096
421.863184813
-780.184859973
755.872712418
270.795909776
442.624175527
26.131412612
-538.256595685
756.214578266
-273.167988916
-116.300285888
-77.0057664533
567.621774205
360.722137859
486.670777375
230.769615462
876.77427721
-944.082768281
829.243788537
-789.346074402
497.973242334
962.968147429
75.9118044619
-10.169581434
725.637387297
977.636356496
11.5290322927
-735.571604645
16.3267825545
-899.765078954
-100.356389448
-463.605935067
338.015957841
-31.2751975341
359.811505829
-570.037135064
-590.92101599
-945.529274984
-343.399143487
-998.361589124
-22.5154941849
-487.134238578
-213.95224499
-65.7588452085
-746.988420115
-676.784440875
703.134941301
-639.862179627
-800.033041276
525.711386528
-792.673514525
-884.560380968
331.401396947
-57.5913873908
-731.175947094
141.472604827
-513.494634132
578.893965143
-785.534644278
-970.034473439
659.496992088
-704.456568109
503.789920867
-526.318589572
-662.377280638
-510.931226377
-591.931300365
-496.015021214
-246.999122236
531.576959126
-208.841186883
-464.078793207
-375.946608644
750.276608578
939.210399912
-945.268433685
-994.935580653
-262.43239083
-454.461928325
-14.0935182401
-779.485718304
333.732822556
-305.810675462
-86.393414247
608.109500445
-310.402705411
-926.39298686
345.737993191
506.123046424
-178.502267975
850.105052138
-566.728596609
344.818457972
89.3239496222
-204.337208022
395.351898957
855.929597496
-148.924476834
669.562387658
-267.873725257
594.710037313
-985.738065665
71.2094623594
38.8501844022
892.029923259
-184.591970862
-849.118052261
-586.892873337
808.825787217
293.314623236
295.519124999
420.963545326
-216.887289457
371.148967181
595.901276908
-884.155914081
622.608656079
-699.035425094
-645.26835136
-39.9338692575
-184.231345743
756.707758569
-319.051764085
595.158349975
719.635960119
889.270804674
-304.446773464
-467.622921317
-241.466857494
-834.33517933
-434.752926391
844.635827135
-375.518990023
-302.076291713
586.355746438
399.193326512
261.417842882
396.253844337
-403.805929203
788.013971841
243.930110939
-132.630727673
-562.732507297
13.9010386974
217.530630179
773.346472992
177.011801667
-219.66789046
-536.372169563
-648.639035024
593.795826027
154.66184989
193.002032496
-403.012146747
946.305746086
624.60928072
373.20307396
418.277052449
-849.639369807
696.099472331
-942.807082082
420.983705101
72.575376064
-201.430493132
-336.344644402
689.655982377
653.649892463
954.000827974
685.369177235
-383.216415094
-43.9700537923
510.744075574
305.272510868
55.918692953
-156.11923555
-411.196888295
163.160525278
-113.736656445
260.948228074
-286.8212729
-956.637165972
304.85070575
319.001652588
23.0224141011
-461.573077738
-122.587379691
501.964342499
-59.116455038
714.51150776
840.850184148
-370.989117549
508.18128018
-629.167126328
-651.52639625
-22.2997565538
614.025672319
501.672045063
-687.049650695
-971.040393804
597.851119029
-245.300382542
768.001013545
-557.733850501
-69.8951251386
735.264270344
-678.096065022
929.725974148
-248.308857433
-590.802348719
-820.949065387
812.419634335
-583.991985817
930.822072851
-443.729001461
829.089589294
-608.636415199
21.9595943928
-134.259289197
871.671818038
339.43212742
431.945550529
-124.177355305
-823.442080007
701.87318527
426.608459333
-438.959520916
822.201690494
928.277469622
-292.100525927
-112.76186841
-319.829822686
-880.387577282
968.177439281
974.056792593
-299.661976426
586.951225908
872.110787134
-422.837417957
544.346093081
-469.245287086
-714.338819211
-966.064918883
-320.216174915
268.301412203
933.548677917
-75.0784704051
620.836086261
-346.353635944
-542.422771619
63.2935786231
837.955792498
-543.897870402
-553.508260795
-706.269182372
411.48874717
-16.0521809165
836.569224771
-889.964056238
-440.526865851
234.438049693
487.744416553
-393.591386287
609.647281789
529.030179648
879.041900604
-349.17809474
-290.421981566
848.093473171
-680.533711708
-184.351306591
-691.938401627
-425.417541303
-5.81305062615
-443.249098018
714.106944061
-47.1092924382
-44.98452668
984.241173138
848.072153241
382.515221267
977.634966203
512.933034098
-853.658021208
176.978629815
-176.809567574
781.533195769
-440.475679315
-517.70607699
793.681283576
-962.673311982
-694.944541474
-592.527746624
-844.635713358
-549.482860076
-364.901083807
-997.5554693
-362.655189266
-948.565331996
274.736544001
-457.158003801
517.446898954
124.904081098
64.3806062437
310.377763465
742.043176509
979.656820104
-904.587149448
503.248592646
-341.696135342
-777.063966513
-247.789048973
890.434680934
-933.86721258
-225.532177079
309.79848406
-152.026884402
-952.14277382
998.662902994
604.895669691
-102.093836122
791.910351614
3.22660518214
96.7586256635
275.869931208
-365.046225244
-755.430985522
465.133771038
-236.323958585
996.73124131
-819.170940765
968.041899773
-802.08007176
-861.150125199
-410.242283974
565.261721323
911.036577433
326.750061612
-718.154778342
-318.220948838
548.033166027
854.626319467
412.732946772
-702.430296465
-702.957237991
101.045737184
-526.303209932
-138.626025961
-479.40936125
922.486096924
908.022092446
-750.387680197
752.720898919
224.139620855
337.286944649
465.854709067
658.714957632
-297.220568591
-30.0196404694
289.018544324
-143.455107154
268.400640998
-131.202041861
-72.5901583579
-734.492647164
-49.0083008022
-701.865832413
695.283764888
-928.033347903
454.703764813
766.555092269
-270.953681194
-107.78228189
627.582764271
550.951857836
-608.937766237
377.447495084
453.482679903
-565.652519031
439.453050854
-161.479790302
971.736971669
-851.099793701
-344.358540166
-34.4988166587
-645.378005002
-20.7241520134
782.24093971
-483.026510655
-807.009622417
-709.017026439
-927.728405686
-255.846628113
30.9116998694
-737.17844436
-640.319518735
599.562026181
155.165758661
799.105091095
-758.977499506
26.9888611309
868.801461332
228.559931793
626.700160355
326.214652123
163.611376888
429.857181447
577.414733977
877.298560454
-749.931590582
-18.3191838543
-153.101095734
760.287081691
-599.589406922
-795.659630174
835.524464837
192.558661265
-186.073774206
-501.51917217
-820.61664994
705.776568324
-753.658939697
23.6568869882
118.721310309
-324.772253196
67.0270002974
796.560448174
773.009805952
-205.287639412
-134.077419275
580.829645062
265.891340743
-246.426183772
815.232255921
314.416626601
628.936413951
945.797576817
909.958128122
-869.966353961
944.486455298
401.102358862
252.10096476
551.00132987
-583.316546947
-778.22650445
906.596695846
-168.760191597
280.564075405
19.9694038479
-236.122423278
144.514211229
803.514422316
314.540053304
528.309752031
28.4999394209
684.867535908
385.774207044
-865.252411614
-736.78195122
-306.805392823
509.397114893
524.838167085
-871.066988011
781.137674054
-564.470395393
-10.1514707389
110.388020324
-782.869259482
-85.2713581282
4.41196304007
-657.970801053
67.1865448191
906.208423424
-112.812559748
56.870359196
877.190467152
92.9830438277
-871.742950269
718.442537344
529.694246862
836.392668795
-228.055561767
424.062270946
376.529843854
-580.434682055
-776.087193721
-479.59701793
-647.151701187
643.938722722
390.716151701
-240.420213391
-236.588833114
74.5415322739
239.316288565
991.96896987
-463.221427017
244.839403754
-537.063032213
376.180946628
-8.05480254164
786.491220051
368.789783592
-178.928757199
756.506159121
-6.51318439288
-953.933156535
152.347448802
-796.120357351
-966.952678778
838.303431182
-297.726686449
-719.375470799
657.112823314
-407.893653766
-855.488126403
-981.110270292
287.601944158
737.562049597
-21.1586413516
-439.605063538
526.555125331
-939.147805329
-804.170584671
-722.348833713
354.779056745
805.981784163
347.569656567
257.144576707
-518.221094112
89.0609413057
973.202497708
52.1446657934
989.948301734
383.976677758
629.515731706
137.50425683
-253.212955367
-68.9348872657
725.150781671
656.917599726
191.112046947
834.349154583
-896.865918394
897.567226956
661.567057529
-770.692251177
111.350221949
-955.557917962
23.2515925362
43.3962265436
-93.0714871472
968.124858398
304.343730132
834.637290001
-733.733855017
329.181026445
261.172686821
-870.834116998
-66.2461422563
-531.79356513
23.1973373461
461.466205641
30.8286814617
569.150310531
-651.596423358
-208.928284754
648.045085357
-33.3343991107
697.021548648
-312.184412166
-365.575868359
645.739073921
-107.087860027
664.940001709
783.470596995
-267.519564556
-332.431255876
255.334036572
-728.40615827
679.900076941
-412.385282707
839.003573928
-908.912666604
736.481745097
927.775338997
162.872446894
-889.659586295
159.60220789
6.63694284456
346.664386722
-48.4318640985
849.467835773
-992.013404449
695.672070284
-675.792772634
-654.012829347
866.949874238
-740.492719657
410.361422229
-478.512156154
-971.836655504
180.826686302
-938.804406102
782.225522993
-637.844097127
460.166602153
232.335866422
-972.980487024
-442.654849627
-257.695542243
664.948465696
530.081710386
953.655547415
-777.4355634
-378.604364772
-999.633233608
697.173292094
-780.68521569
180.440267517
-390.188516118
619.198587674
594.85035349
124.651837373
119.362924897
-583.695388466
-774.299317
-404.719684816
-536.423111247
108.634024156
-295.084930759
-396.170900409
-682.911386416
-950.817043374
-141.828078364
313.276924632
149.266449157
-543.400401968
-305.697388551
-564.166468416
360.660964155
-386.506848356
-491.520437405
556.43738232
-423.545686522
-452.947778995
869.825963871
-200.207430116
414.696044816
-97.7734171586
433.134213637
725.164345132
885.292955577
756.20839864
947.408012725
-758.835132005
-721.969363831
131.474283964
-589.140959239
-403.858764367
100.177801154
544.698682311
-266.697197763
-453.696850171
-352.59544113
-480.967231996
-948.806544201
971.655279245
-102.066428634
303.257636126
379.735556108
-467.814237824
851.473071822
-419.201031735
-778.826074018
-714.749367291
-76.1709607603
869.525226687
-180.839632623
946.805107646
-598.942083412
-253.199662603
-825.766838039
-468.545683861
-277.404425595
-739.267912804
-738.899875911
983.998176589
555.985578227
-588.973691599
505.787746577
-320.96696255
-437.513832155
997.389258783
-647.103637251
-465.591217146
170.864458444
354.536898801
827.825814009
848.923418785
74.6830673522
781.34451332
176.237770964
-715.425778242
954.96537906
684.049189662
970.925516654
888.788772169
747.907308476
615.213072436
-924.006098798
-630.539751986
-230.00727254
-722.707685083
-66.1935035701
-483.065023902
367.195989501
253.522104198
864.689384768
-799.921658278
578.664152122
949.711097859
230.729096849
-933.549047387
116.833772274
-90.2687470455
173.163337754
461.553162339
473.280441156
658.836856685
-806.204049447
-966.056527721
-817.283912849
-6.82100382434
658.031144944
-675.651483696
-511.149532235
-696.193113247
789.453285708
319.273073232
-827.307978051
546.544681605
-380.247949428
358.715595459
-587.805550536
275.543004418
-228.040014188
392.172743113
963.492098104
-511.832920031
119.261100908
-120.606268864
-413.720329083
938.585012344
756.205221472
976.137127482
775.630017466
-71.5845823391
136.727267088
-31.4257889896
566.652221173
-631.63454987
-523.757778899
526.028396615
61.2994447943
-169.992757709
978.747651602
-266.896620564
-337.871637453
-864.599221739
304.255554531
603.37042591
317.43164182
909.126787038
-510.129431072
-599.994029357
745.58457539
378.351775681
-583.397227559
-394.588968845
575.536135712
487.676024554
-111.866956926
-500.879232475
16.7229372998
633.907749814
172.810322933
-659.038390485
527.621567231
-939.116934599
867.434881573
696.855855861
790.717076928
-337.621526002
-666.535762711
721.184598617
734.072532388
292.358135884
-860.6918788
888.384600426
-172.069971743
535.10480654
587.14490442
-346.523388817
138.252438535
819.846488886
447.467950707
-495.236855179
-476.342745595
-818.486744636
575.168564494
-945.396685989
41.7292107268
-182.305622154
90.8705342225
100.578430881
-826.491937587
-393.269320291
-205.923075673
-525.239596326
90.7313067688
-256.605311314
131.479800413
130.822331429
-417.022172362
-665.086641464
-687.388559195
585.119012467
721.650744127
439.37950307
853.298874987
-603.087028556
921.858621435
-596.576645794
-19.7900510729
-250.481569204
-934.571586207
336.706967039
4.79655520628
-734.949599718
-760.71928622
-559.669408564
-675.008715133
630.851772528
582.077211706
-142.312966022
371.583459121
-372.388303584
-49.5543079349
-509.189065257
-916.246872916
-705.975346297
-950.308765125
-257.552546024
336.17413231
-362.065232133
-561.209981255
-38.9795523707
-863.001486829
908.685751364
504.327832609
982.512788789
166.440562802
-713.224797607
-467.300716736
-488.728068168
-981.419320578
943.777822234
37.1519167289
-272.502185207
957.708823014
-862.412094455
92.4321587794
318.590172371
-649.961871239
475.5040068
-163.535672531
151.757098145
-657.143686114
-129.217312209
718.91452923
642.008490719
180.69228995
-5.7540881509
-781.119429831
723.621611854
677.361121178
185.746387764
233.465248239
-645.338743107
-143.645691508
-883.631649369
456.459266967
14.6238599228
-294.728362449
803.524357866
203.539929476
525.393309921
740.452235413
-954.6396396
482.665859349
-528.617065589
-659.686021067
-885.279639892
-20.8439167867
-528.976956902
-900.469750774
-517.163799005
-395.647759073
751.914216462
-635.669268359
29.6848762442
-387.701348607
-420.81542698
-446.926630635
787.752674602
804.851906161
291.824792896
788.940454067
851.724126614
-132.793699236
-438.85576886
-788.564091408
-372.950768912
796.424892918
-142.657442356
856.876762466
44.5865821239
-313.530581979
-672.125529601
62.8059256036
38.5543584431
-538.097439094
-987.61079783
-998.665957257
-196.700789097
434.401811485
-35.2333565737
-471.211824389
522.991295853
483.229107687
-140.77817376
774.109080185
894.496818373
831.812503856
-586.728691976
676.999306448
-796.097247023
71.4980617371
-546.517519612
472.163184148
737.770493534
-230.146808996
407.997905097
-304.158183007
191.690114792
130.761351543
-259.661892699
593.14452033
-725.139177095
-557.676649952
-639.922912945
599.229775979
992.001906351
-384.778415296
-814.720170004
449.667019534
-573.045654579
-239.127817633
-836.729583404
663.167393268
-202.538269188
-400.665943275
-289.916750483
394.728052376
-799.979163925
765.363127069
120.571077411
-841.082268635
623.985356746
-454.503720538
-935.035608221
552.476951797
986.342822015
-309.9195387
-933.201614832
-432.141867627
-473.269891202
73.0860589782
-800.428921318
495.80969012
479.954382676
920.380776855
373.947123917
110.532222703
246.029586941
-337.582110232
-129.783500589
-380.020800926
591.311479263
-560.817159953
823.268840458
-322.063645423
-641.004906981
98.135621371
-341.468026742
-663.283625138
443.608676822
-950.115069794
163.656470234
2.14179799057
-528.935951097
412.581335339
-453.288102539
544.226738705
400.783447312
-602.26399297
322.666282013
667.87283997
968.625252138
173.126122447
-368.408643971
-294.26915721
-449.00395104
-836.804339975
577.12598108
181.312617283
-892.679038259
-218.516483728
-774.036378607
-276.200178115
177.425447575
-991.515977624
-652.624703708
395.526089102
-154.833305339
-296.299327391
931.409672633
-317.792486604
-777.54804532
36.8035177803
-208.520932988
975.635339032
-52.2991093616
994.577140359
945.210144375
-340.113068205
-957.711115053
198.329232993
171.419537809
549.313094409
-591.943362446
-632.539275713
166.357626622
631.614770463
812.519753917
-264.261350527
127.778782145
-93.7766110492
408.906737992
-928.379878251
80.2858901678
630.163266483
818.587039032
-502.58348293
406.650118192
-982.339069467
-699.733406451
-414.199382882
761.62348172
-768.905713585
-299.018825419
826.524575749
-483.74617859
-809.23085177
-833.792057262
-471.724435258
-964.819499034
-286.278344127
38.6129959665
-318.219263841
-498.134264929
209.18680508
840.053200649
-363.41733809
256.871344789
-79.8164335811
-425.567719722
340.414604155
364.433152138
51.6400124025
-628.003100262
-497.943354241
495.913310219
958.787415629
-16.6876801589
178.610186692
-881.756269906
-32.7598247807
275.939618097
-910.979514056
-666.826342364
-998.990909904
-249.839493504
171.61410131
846.254617833
-451.197906692
-547.209564676
-379.46487762
-53.9589345364
398.031951163
452.78753204
956.622078537
135.251830893
827.589471259
-22.5898660768
-406.205917309
-544.220472567
664.258152917
939.797011013
-976.641031772
72.0293533012
985.229772038
649.675345735
-803.578426091
-606.936261313
762.20975768
27.7455726164
296.670732494
-956.350568713
-302.277010243
958.610267732
637.548032835
110.404763293
158.803792127
-638.27156478
795.865110104
603.952995369
-586.735780101
-323.785076263
-375.466444916
646.778871414
-825.171566161
322.82908822
60.3715143092
914.986187709
-446.508889339
-153.378805719
-866.041328876
862.530409038
-477.97623568
291.084967269
72.4689114741
-3.48376501808
64.000916836
290.899637316
96.118584817
808.93151321
460.888604934
-640.686361079
909.147813275
-487.687942887
-824.313370139
-749.079327881
-928.918040628
-8.50973877698
17.3098137645
817.625544153
-139.04032107
809.3871293
-788.854671051
59.7862531169
931.139458552
-330.847199755
-654.213631528
-413.14603189
-36.2674368945
-464.3785794
441.101146588
-687.568724329
-261.993696003
-234.895760475
528.476712989
637.016436914
700.343766378
-968.267937841
-351.204960097
905.304725634
108.593182164
-329.383387673
-482.137957306
405.207886973
906.799820365
750.777361053
-212.766311019
-286.409330126
-990.419571848
-69.1299764678
-864.919807504
103.473697362
73.725019846
390.41970837
-623.123369588
-936.267655401
-493.171226741
131.227417574
268.912686218
-592.024296158
817.610942303
187.88395203
-824.273603758
-582.98639034
-289.634381112
-967.535071716
-657.171917393
518.131823265
-427.500432022
515.71744799
778.374038942
620.48489631
203.451384305
-950.122241209
-174.623024852
206.053820282
-638.392313822
930.8265442
341.622273433
852.659209372
-818.261807903
179.627202537
-541.464906569
-171.682705424
-371.801147714
-762.018537607
989.324387236
-109.274784615
903.707683355
-831.796131
-608.620740467
-440.245941764
389.348165398
-439.164368741
164.396230379
924.184130021
992.25652332
564.759143107
-795.990368537
155.347914408
32.5563863937
107.380745559
567.136944836
-170.705891535
925.198988529
-34.1085253792
207.644556968
-979.823315673
160.825794235
957.653660954
-138.143349046
643.316938986
247.452377378
589.451128736
345.660752281
-801.32780911
-9.35745161549
358.42990142
-767.051271467
-462.964634068
-861.174649822
-493.706684531
233.209231149
941.130626639
-400.373428658
-882.100361641
-577.853387898
75.9913339012
565.317487103
-241.305011315
653.312688865
650.799128452
880.111033227
623.795246686
813.735033087
943.722815076
162.815814046
-938.551265082
995.120540766
783.087953821
-865.430613001
-867.686805198
-944.081250983
-207.6946498
-120.217312107
885.575332723
890.784032417
-939.839068077
392.260736651
-655.467381142
-432.174250252
-944.252485918
-442.126449287
922.957559673
614.730919677
-41.054248587
-600.47828239
172.355715507
-843.845753915
-160.292782288
-269.817945179
271.678140614
445.288911843
-949.405101571
898.29593833
567.072656502
-87.933611053
-618.653542865
-457.990788968
470.657560765
85.8866391617
-430.142258422
189.866130204
42.6131175578
86.1202004442
102.872361401
120.000815297
-1.62774643046
-796.320648351
534.667668993
886.413096048
-994.147795017
-26.9853707368
701.589110016
956.719277542
-691.514305898
654.058018012
750.482159198
967.152715504
-955.057381948
441.897004586
780.872179685
-636.350388808
491.985386074
-246.084095397
680.595363228
-349.795736075
-706.62833337
-450.402482312
-83.3836077409
700.22147811
-181.742085067
-486.328162011
418.195791015
-185.668777081
-541.673660141
-275.717077852
-576.327203196
-421.889197936
-841.083343367
-177.649425388
397.493688963
-634.082894974
-69.1452483273
15.6788358838
-404.876760719
769.363626925
-713.727235558
452.492255308
270.026842821
-628.725099308
-102.691971367
-85.4439912276
648.794033864
-651.604578944
353.882482426
-742.607328696
-132.130464256
-222.217043548
357.25717803
-181.598409701
286.364556077
-819.057589087
-140.7990306
555.945180454
217.089257068
-584.393178243
-736.619377489
-918.326973904
-323.436023627
-121.985020954
533.489275349
-870.515229057
-379.201416208
-236.569425383
612.008701563
-359.413137506
-773.380366345
-3.20333085933
-544.273282526
-118.608703299
810.859875321
-144.142562695
418.307850106
-31.5223822752
180.862380529
-383.43342522
-63.7990171162
903.420835053
-940.154246865
945.144419295
654.39372984
-689.878634527
